Average Precision @ 10
1  0.6388888888888888
2  1.0
4  0.7345238095238096
8  0.6428571428571428
9  0.25
10  0.5
12  0.5
13  0.5
15  0
18  0.7666666666666666
22  0.29166666666666663
23  1.0
26  0
27  0.16666666666666666
29  0.8333333333333333
31  0.5
32  1.0
33  0.25
34  0
35  0.594047619047619
39  0.5
40  0
41  0.35000000000000003
49  0.7
50  0.9266666666666665
51  0.41666666666666663
52  0.2
53  0
54  0.5527777777777778
55  0
56  0
57  0
58  0.5833333333333333
59  0.2
61  0
62  1.0
66  0.5
67  0.3333333333333333
68  1.0
69  0
71  0.8055555555555555
72  0.24285714285714285
74  0.7678571428571428
79  0
80  1.0
81  0.31666666666666665
82  0.4720634920634921
83  0.5833333333333333
84  1.0
85  1.0
86  0.8528571428571429
87  0.8666666666666667
93  0.75
94  0.5
95  0.6805555555555555
97  0.2
98  0.1111111111111111
99  0.2777777777777778
100  0.15555555555555556
101  0.7222222222222222
102  0.41666666666666663
103  0
104  0
105  0.16666666666666666
106  0.8761904761904761
107  0.5
108  1.0
109  0.25
110  0
111  0
112  0
113  0.6095238095238095
114  0.8099999999999999
116  0.1111111111111111
118  0.16666666666666666
119  0.425
120  0.44285714285714284
121  0.425
122  0.3333333333333333
123  0
126  0.8333333333333333
128  1.0
130  1.0
131  0.42063492063492064
132  0.3333333333333333
133  0.5833333333333333
135  0
136  0.7092592592592593
137  0.16666666666666666
138  0.4854166666666666
139  0.34074074074074073
140  0.8416666666666667
141  0.5
142  0.6533333333333333
143  0.5
145  0.5
146  0.38888888888888884
147  0
148  0.2611111111111111
149  0.41666666666666663
150  0.7783333333333333
152  0.625
153  0
154  0.14285714285714285
155  0.7555555555555555
156  0.373015873015873
157  0.5555555555555555
158  0.8178571428571427
160  0
161  0.16666666666666666
163  0.41666666666666663
164  0.3333333333333333
165  0.5
167  0.125
168  0
169  0
170  0.14285714285714285
171  0.5833333333333333
173  0
175  0.6861904761904762
176  0.7470238095238095
177  0.4444444444444444
181  0
182  0
183  0.5416666666666666
184  0.5833333333333333
187  0.16666666666666666
189  0
190  0.6388888888888888
196  0.4761904761904762
200  0.24206349206349206
201  0.6718253968253968
202  0.1111111111111111
203  0
204  0.725
205  1.0
206  0.22619047619047616
208  0.125
209  0
210  0.375
211  0.6555555555555556
212  0.14285714285714285
213  0.25
214  0.7861904761904762
215  0.5682539682539682
216  0.625
217  0.5138888888888888
218  1.0
219  0.8
223  0.5833333333333333
224  0
225  0
226  0.3611111111111111
227  0.6666666666666666
230  0.8333333333333333
231  0.9761904761904762
232  0.5527777777777778
233  0.75
234  0.25
241  0.25
245  0.8666666666666667
246  0.5777777777777777
247  0.41666666666666663
250  0.8125
251  0.5
252  0
253  0.2777777777777778
254  0.2
255  0.42063492063492064
257  0.65
259  0.8333333333333333
261  0.8041666666666667
264  0.8333333333333333
265  0.25
266  0
267  0.3333333333333333
268  0.6220238095238095
269  0.34722222222222215
272  0.3611111111111111
273  0.7152777777777777
274  0.7
275  0.5833333333333333
277  0.8111111111111111
283  1.0
284  0.7999999999999999
285  0.5644444444444444
288  0.3666666666666667
291  0.7182539682539681
292  0.25
293  0.6311111111111112
294  0.8041666666666667
295  0.8055555555555555
296  0.9761904761904762
297  0.3333333333333333
298  0
299  0.8333333333333333
300  0.7777777777777778
301  0.45
303  0.16666666666666666
304  0.26785714285714285
306  0.6422222222222222
314  0.5
315  0.29166666666666663
316  0.25
317  0
321  0.41666666666666663
323  0
327  0.5888888888888889
331  0.30357142857142855
332  1.0
333  0
335  0.8857142857142858
336  0.6226190476190476
338  0.5
339  0
340  0
347  0.41666666666666663
348  0.6666666666666666
349  0
352  0.3333333333333333
353  0.3055555555555555
355  0.6458333333333333
356  1.0
360  0.19444444444444442
365  0.39285714285714285

Average Precision @ 20
1  0.4997086247086247
2  0.8088235294117647
4  0.6971049783549784
8  0.6428571428571428
9  0.2159090909090909
10  0.5
12  0.5
13  0.3125
15  0.06666666666666667
18  0.7666666666666666
22  0.29166666666666663
23  1.0
26  0
27  0.16666666666666666
29  0.8333333333333333
31  0.5
32  1.0
33  0.25
34  0
35  0.592517006802721
39  0.3333333333333333
40  0
41  0.3660606060606061
49  0.7
50  0.7833333333333332
51  0.41666666666666663
52  0.2
53  0
54  0.5255555555555556
55  0
56  0
57  0.05
58  0.5833333333333333
59  0.1987719298245614
61  0.06666666666666667
62  1.0
66  0.3043831168831169
67  0.2222222222222222
68  0.437246963562753
69  0.10989010989010989
71  0.8055555555555555
72  0.24285714285714285
74  0.7678571428571428
79  0
80  0.392032967032967
81  0.33730158730158727
82  0.4612483589927199
83  0.5833333333333333
84  1.0
85  1.0
86  0.6921986102133162
87  0.740909090909091
93  0.47490744549568076
94  0.3214285714285714
95  0.5770833333333333
97  0.19466454598033545
98  0.14646464646464646
99  0.25128384687208216
100  0.15555555555555556
101  0.5916666666666667
102  0.41666666666666663
103  0
104  0.05263157894736842
105  0.16666666666666666
106  0.8210678210678211
107  0.5
108  0.9375
109  0.20192307692307693
110  0.0625
111  0.058823529411764705
112  0
113  0.5404761904761904
114  0.8099999999999999
116  0.1111111111111111
118  0.16666666666666666
119  0.425
120  0.3988095238095238
121  0.425
122  0.25757575757575757
123  0
126  0.8333333333333333
128  0.75
130  1.0
131  0.35952380952380947
132  0.3333333333333333
133  0.5833333333333333
135  0
136  0.7092592592592593
137  0.1717171717171717
138  0.4854166666666666
139  0.34383838383838383
140  0.776984126984127
141  0.5
142  0.5669172932330827
143  0.3214285714285714
145  0.46791443850267384
146  0.3583333333333333
147  0
148  0.2611111111111111
149  0.3686868686868687
150  0.7041666666666666
152  0.4880952380952381
153  0
154  0.14285714285714285
155  0.7555555555555555
156  0.373015873015873
157  0.4492997198879551
158  0.7843537414965985
160  0
161  0.16666666666666666
163  0.3434343434343434
164  0.3333333333333333
165  0.3888888888888889
167  0.1213235294117647
168  0
169  0.05555555555555555
170  0.14285714285714285
171  0.4444444444444444
173  0
175  0.6244569757727653
176  0.5923702814459118
177  0.4163170163170163
181  0
182  0
183  0.4833333333333333
184  0.5833333333333333
187  0.16666666666666666
189  0
190  0.5700757575757576
196  0.44805194805194803
200  0.2974937343358396
201  0.6426979882862235
202  0.1996171802054155
203  0.09090909090909091
204  0.5782531795689692
205  1.0
206  0.22619047619047616
208  0.125
209  0
210  0.375
211  0.5472222222222222
212  0.14285714285714285
213  0.20833333333333331
214  0.7176587301587302
215  0.5682539682539682
216  0.625
217  0.4520833333333333
218  0.7435897435897436
219  0.7380952380952381
223  0.5833333333333333
224  0
225  0
226  0.3611111111111111
227  0.6666666666666666
230  0.6388888888888888
231  0.8472744360902256
232  0.5191452991452992
233  0.5666666666666667
234  0.25
241  0.25
245  0.8666666666666667
246  0.4833333333333333
247  0.41666666666666663
250  0.8125
251  0.5
252  0.09090909090909091
253  0.2777777777777778
254  0.2
255  0.42063492063492064
257  0.65
259  0.6055555555555555
261  0.8041666666666667
264  0.8333333333333333
265  0.25
266  0.08333333333333333
267  0.22916666666666666
268  0.6220238095238095
269  0.34722222222222215
272  0.3611111111111111
273  0.5909544159544159
274  0.7
275  0.5833333333333333
277  0.6883174922390608
283  0.4444444444444445
284  0.7395833333333333
285  0.5644444444444444
288  0.3158730158730159
291  0.6272347535505429
292  0.18055555555555555
293  0.6311111111111112
294  0.6089340776182882
295  0.8055555555555555
296  0.8708791208791208
297  0.24358974358974358
298  0
299  0.611111111111111
300  0.7777777777777778
301  0.3833333333333333
303  0.1770032051282051
304  0.2554945054945055
306  0.5623015873015873
314  0.4166666666666667
315  0.2583333333333333
316  0.25
317  0
321  0.41666666666666663
323  0
327  0.5185897435897435
331  0.31858766233766234
332  0.7222222222222222
333  0.1165204678362573
335  0.8464285714285714
336  0.5912930819180819
338  0.5
339  0
340  0
347  0.31865721997300944
348  0.6666666666666666
349  0
352  0.21794871794871795
353  0.300595238095238
355  0.6075757575757575
356  0.4476190476190476
360  0.2487373737373737
365  0.3244047619047619

NDCG @ 10
1  0.5342950650973574
2  0.3680487333927404
4  0.7125197419099831
8  0.6781035935540111
9  0.07821312100379275
10  0.3574496995942261
12  0.44486204389201695
13  0.09730121888392966
15  0.0
18  0.4954751152522013
22  0.24813380251575023
23  0.24620800817965655
26  0.0
27  0.07737056144690832
29  0.9077324383928644
31  0.43523744692131766
32  0.4
33  0.19004688335796713
34  0.0
35  0.53255648258772
39  0.17355508213282722
40  0.0
41  0.209710540350992
49  0.48556854649845554
50  0.7184878636156116
51  0.23518264139297895
52  0.12496437705648279
53  0.0
54  0.5213679718590672
55  0.0
56  0.0
57  0.0
58  0.6913401592471553
59  0.13123211304328902
61  0.0
62  0.6
66  0.23327435422005682
67  0.09979869830277042
68  0.293648037494267
69  0.0
71  0.8467132018086354
72  0.1907938843732266
74  0.49730328796807943
79  0.0
80  0.13786881733140957
81  0.30587165189728754
82  0.42283253107541185
83  0.30131259437362523
84  0.42857142857142855
85  0.16958010263680806
86  0.8140549979170872
87  0.944847956559586
93  0.3154909520426466
94  0.13625906143321873
95  0.48829301765515104
97  0.09907985548855715
98  0.07472350911839594
99  0.20115176868301413
100  0.2203659069585296
101  0.6644388561102768
102  0.30298512124342597
103  0.0
104  0.0
105  0.1289509357448472
106  0.6803069915891465
107  0.34543034488981067
108  0.9496835735103654
109  0.10325438262896731
110  0.0
111  0.0
112  0.0
113  0.33364022480413186
114  0.527701239889722
116  0.05652020296210653
118  0.11983274333785648
119  0.44542363918929645
120  0.4227054880061855
121  0.7194034451552235
122  0.15455851177820684
123  0.0
126  0.9261859507142916
128  0.5757172414830177
130  0.31939394323979897
131  0.42940483860225886
132  0.2960819109658653
133  0.8154648767857288
135  0.0
136  0.9188980098874852
137  0.06931040756149913
138  0.5771890974552308
139  0.2981923227033179
140  0.8906079352014541
141  1.0
142  0.5799173184191659
143  0.8
145  0.4518234860754888
146  0.2844968010498736
147  0.0
148  0.3347064721998492
149  0.19050034728361737
150  0.7954501424516794
152  0.5319568795704993
153  0.0
154  0.10001307161417164
155  0.5470476080669864
156  0.41177761148016556
157  0.5633206279842617
158  0.8033225811018602
160  0.0
161  0.06564850533746122
163  0.26858318883110804
164  0.3605312877551186
165  0.47909091485969846
167  0.052142080669195165
168  0.0
169  0.0
170  0.14248287484320887
171  0.5647625530786824
173  0.0
175  0.5568540578873035
176  0.7065280259161139
177  0.3422372569138962
181  0.0
182  0.0
183  0.4570459034236121
184  0.2737837672811221
187  0.12069668407078374
189  0.0
190  0.5214464718243844
196  0.5382046282160327
200  0.2465589144543841
201  0.5888095184679003
202  0.060336757768903855
203  0.0
204  0.6913279455365662
205  0.13291299131469791
206  0.2656065717582368
208  0.16666666666666666
209  0.0
210  0.22127877895334577
211  0.4265309177724206
212  0.3562071871080222
213  0.25
214  0.7513407603582674
215  0.5046384695209384
216  0.8333333333333334
217  0.36862359931906485
218  0.43410090027195275
219  0.6023235567237145
223  0.8154648767857288
224  0.0
225  0.0
226  0.3931547427027676
227  0.7547411228938167
230  0.5983082003199053
231  0.9420857495068605
232  0.4357350385705382
233  0.15041198316238402
234  0.20209266311298096
241  0.12913784012941495
245  0.5366928907401254
246  0.5298441005511642
247  0.4298593499260986
250  0.5826008463855263
251  0.75
252  0.0
253  0.44165082750002027
254  0.21533827903669653
255  0.47498253162119003
257  0.5544425716914098
259  0.7789429456511299
261  0.8687190818047956
264  0.8154648767857288
265  0.08783431396336717
266  0.0
267  0.08028571594194772
268  0.8343159887209642
269  0.42387312336632255
272  0.4201515141900502
273  0.6471794653715026
274  0.47943956381744807
275  0.7231973151785931
277  0.9685334845653579
283  0.22364695407741525
284  0.6971204258427558
285  0.45443350781109787
288  0.25797663715982383
291  0.44094428798136787
292  0.11918315695384536
293  0.9186832043054673
294  0.7224514574897866
295  0.680606056760201
296  0.8845674769533537
297  0.2044430529588988
298  0.0
299  0.3319214850717237
300  0.8626978724344314
301  0.42316068725240225
303  0.10633668103022985
304  0.3254390148371428
306  0.45293347441747744
314  0.4336347591591388
315  0.15306362074808352
316  0.06294435451602959
317  0.0
321  0.3838351257904502
323  0.0
327  0.48409461765128897
331  0.2741681483538302
332  0.44341753221635727
333  0.0
335  0.8600321455431478
336  0.49024513812875625
338  0.31939394323979897
339  0.0
340  0.0
347  0.23152386381656745
348  0.3637512507275075
349  0.0
352  0.12754750448335953
353  0.27744661431246737
355  0.49621566775666465
356  0.31939394323979897
360  0.14617408146431846
365  0.35852168660519934

NDCG @ 20
1  0.4305046889150731
2  0.2895386843773447
4  0.8300322243403448
8  0.6781035935540111
9  0.21386509443624052
10  0.3574496995942261
12  0.44486204389201695
13  0.11829919778765427
15  0.09728804977113333
18  0.4954751152522013
22  0.24813380251575023
23  0.24620800817965655
26  0.0
27  0.07737056144690832
29  0.9077324383928644
31  0.43523744692131766
32  0.4
33  0.19004688335796713
34  0.0
35  0.5888691794373958
39  0.2703790138185364
40  0.0
41  0.2142613187342205
49  0.48556854649845554
50  0.8289438525523973
51  0.23518264139297895
52  0.12496437705648279
53  0.0
54  0.6074969929686932
55  0.0
56  0.0
57  0.07935524777005183
58  0.6913401592471553
59  0.3845358818659215
61  0.06575183182735256
62  0.6
66  0.40662226753276903
67  0.17566442460526469
68  0.36304023694363835
69  0.12978403107655584
71  0.8467132018086354
72  0.1907938843732266
74  0.49730328796807943
79  0.0
80  0.2481442871041251
81  0.3009911849920852
82  0.4242588248999097
83  0.2812835447893301
84  0.42857142857142855
85  0.16958010263680806
86  0.9178045240394979
87  1.0244597491131482
93  0.4717201548516913
94  0.18994163012827764
95  0.526194112998532
97  0.24674950591961792
98  0.11357666713476963
99  0.31379340923440413
100  0.2203659069585296
101  0.7516239388272012
102  0.30298512124342597
103  0.0
104  0.1198459182662677
105  0.1289509357448472
106  0.5507367199335401
107  0.34543034488981067
108  0.7212780996984158
109  0.1869642040235206
110  0.05485165347111693
111  0.04089133380007294
112  0.0
113  0.27441846823811045
114  0.3323059380427107
116  0.05652020296210653
118  0.11983274333785648
119  0.44542363918929645
120  0.5104908166252266
121  0.7194034451552235
122  0.24897457867042186
123  0.0
126  0.9261859507142916
128  0.6399541467635841
130  0.31939394323979897
131  0.5071021786131098
132  0.2960819109658653
133  0.8154648767857288
135  0.0
136  0.9188980098874852
137  0.25882280108396916
138  0.4785212430519588
139  0.41566327153067567
140  0.7660119989798124
141  1.0
142  0.5722799350836025
143  0.8525299070074388
145  0.46964987010052983
146  0.32964030514100173
147  0.0
148  0.3347064721998492
149  0.2635379735735823
150  0.8497826015449209
152  0.5700618505920525
153  0.0
154  0.10001307161417164
155  0.5470476080669864
156  0.4117776114801657
157  0.6892251230979889
158  0.9045160068763769
160  0.0
161  0.06564850533746122
163  0.4538105050090431
164  0.3605312877551186
165  0.5556855641949564
167  0.1286816104865404
168  0.0
169  0.07892466188549377
170  0.14248287484320887
171  0.6691379187676997
173  0.0
175  0.6144942209614144
176  0.8612015334571095
177  0.4737125861696521
181  0.0
182  0.0
183  0.3518112242105864
184  0.2737837672811221
187  0.12069668407078374
189  0.0
190  0.5726045320037564
196  0.6277462587596423
200  0.4733505196700705
201  0.6423709588851171
202  0.4011417244229813
203  0.1734388957907327
204  0.9016483716681957
205  0.13291299131469791
206  0.2656065717582368
208  0.16666666666666666
209  0.0
210  0.22127877895334577
211  0.4622468069631562
212  0.3562071871080222
213  0.38947147282556493
214  0.827518642914929
215  0.5046384695209384
216  0.8333333333333334
217  0.4120124246992096
218  0.5220838698655006
219  0.6178288941047485
223  0.8154648767857288
224  0.0
225  0.0
226  0.3931547427027677
227  0.7547411228938167
230  0.6587362747287694
231  0.8632850425365424
232  0.31297295761042637
233  0.22741029139832614
234  0.20209266311298096
241  0.12913784012941495
245  0.5366928907401254
246  0.561094584655146
247  0.4298593499260986
250  0.5826008463855263
251  0.75
252  0.062325323155959206
253  0.44165082750002027
254  0.21533827903669653
255  0.47498253162119003
257  0.5544425716914098
259  0.8300907318927312
261  0.8687190818047956
264  0.8154648767857288
265  0.08783431396336717
266  0.06926912932862572
267  0.20753556505348555
268  0.8343159887209642
269  0.42387312336632255
272  0.4201515141900502
273  0.7828092892784847
274  0.47943956381744807
275  0.7231973151785931
277  1.015516429452324
283  0.339665021931427
284  0.8188810286507753
285  0.3511959478771518
288  0.3430771658677504
291  0.4569318630754562
292  0.17634637063880215
293  0.9186832043054673
294  0.8576718634403097
295  0.680606056760201
296  0.9795748795623772
297  0.32119839273982703
298  0.0
299  0.3424987401173652
300  0.8626978724344314
301  0.546917892806496
303  0.24399699808486416
304  0.42815485286378513
306  0.3924349670095252
314  0.3748238607796616
315  0.1948150864532422
316  0.049283831657149016
317  0.0
321  0.3838351257904502
323  0.0
327  0.5475503974009678
331  0.30533596146021863
332  0.5072197634885723
333  0.1630993742807183
335  0.7423464257756761
336  0.667646267208726
338  0.31939394323979897
339  0.0
340  0.0
347  0.252645712225453
348  0.26827630886978937
349  0.0
352  0.16318479377729
353  0.22775477213640183
355  0.5663200829298553
356  0.48503405677330524
360  0.28444855710211114
365  0.2634993683217988

Mean Average Precision @ 10
0.4509512345679012

Mean Average Precision @ 20
0.40917921521906336

Mean NDCG @ 10
0.35613102024509247

Mean NDCG @ 20
0.387901807896173
