Average Precision @ 10
1  0.7041666666666666
2  0.8666666666666667
4  0.7345238095238096
8  0.6428571428571428
9  0.2
10  0.5
12  0.41666666666666663
13  0.5
15  0
18  0.7666666666666666
22  0.3333333333333333
23  1.0
26  0
27  0.25
29  0.8333333333333333
31  0.5
32  1.0
33  0.25
34  0
35  0.569047619047619
39  0.5
40  0
41  0.375
49  0.7
50  0.8523809523809524
51  0.5
52  0.2
53  0
54  0.8125
55  0
56  0
57  0
58  0.5
59  0.2
61  0
62  0.5
66  0.5
67  0.3333333333333333
68  0.625
69  0
71  0.7555555555555555
72  0.22619047619047616
74  0.6845238095238095
79  0
80  0.625
81  0.31666666666666665
82  0.42682539682539683
83  0.5833333333333333
84  1.0
85  1.0
86  0.7116666666666667
87  0.6833333333333333
93  0.6428571428571429
94  0.3333333333333333
95  0.6805555555555555
97  0.14285714285714285
98  0
99  0.29166666666666663
100  0.6111111111111112
101  0.7222222222222222
102  0.3666666666666667
103  0
104  0
105  0.16666666666666666
106  0.925
107  0.41666666666666663
108  0.9571428571428572
109  0.2
110  0
111  0
112  0
113  0.5285714285714286
114  0.8766666666666666
116  0.1
118  0.1111111111111111
119  0.42063492063492064
120  0.33730158730158727
121  0.40277777777777773
122  0.3333333333333333
123  0
126  0.8333333333333333
128  1.0
130  1.0
131  0.42063492063492064
132  0.3333333333333333
133  0.5833333333333333
135  0
136  0.7342592592592592
137  0.16666666666666666
138  0.4988095238095238
139  0.3291666666666666
140  0.8766666666666666
141  0.5
142  0.6916666666666667
143  0.3333333333333333
145  0.4746031746031746
146  0.3666666666666667
147  0
148  0.225
149  0.5
150  0.7592857142857143
152  0.6666666666666666
153  0
154  0.125
155  0.7555555555555555
156  0.30634920634920637
157  0.5317460317460317
158  0.8178571428571427
160  0
161  0.16666666666666666
163  0.41666666666666663
164  0.3333333333333333
165  0.6666666666666666
167  0.1111111111111111
168  0
169  0
170  0.14285714285714285
171  0.41666666666666663
173  0
175  0.6416666666666666
176  0.8055555555555555
177  0.4412698412698413
181  0
182  0
183  0.5238095238095237
184  0.5833333333333333
187  0.14285714285714285
189  0
190  0.5902777777777777
196  0.4583333333333333
200  0.24206349206349206
201  0.6496031746031746
202  0.1111111111111111
203  0
204  0.7916666666666666
205  1.0
206  0.2361111111111111
208  0.125
209  0
210  0.39285714285714285
211  0.6666666666666666
212  0.14285714285714285
213  0.16666666666666666
214  0.7861904761904762
215  0.5515873015873016
216  0.625
217  0.5138888888888888
218  1.0
219  0.875
223  0.5833333333333333
224  0
225  0
226  0.375
227  0.6428571428571428
230  0.8333333333333333
231  0.9583333333333334
232  0.475
233  0.6666666666666666
234  0.25
241  0.2
245  0.8666666666666667
246  0.5916666666666667
247  0.41666666666666663
250  0.9166666666666666
251  0.5
252  0
253  0.3333333333333333
254  0.2
255  0.3666666666666667
257  0.6361111111111111
259  0.5833333333333333
261  0.8041666666666667
264  0.5833333333333333
265  0.25
266  0
267  0.3333333333333333
268  0.6041666666666666
269  0.3416666666666666
272  0.5
273  0.7291666666666666
274  1.0
275  0.5833333333333333
277  0.7142857142857142
283  1.0
284  0.6829365079365081
285  0.5533333333333333
288  0.29166666666666663
291  0.7182539682539681
292  0.2
293  0.7116666666666667
294  0.8041666666666667
295  0.8055555555555555
296  0.9444444444444445
297  0.3333333333333333
298  0
299  0.49999999999999994
300  0.6666666666666666
301  0.39285714285714285
303  0.16666666666666666
304  0.26785714285714285
306  0.6984126984126983
314  0.35
315  0.225
316  0.2
317  0
321  0.30952380952380953
323  0
327  0.5888888888888889
331  0.26666666666666666
332  1.0
333  0
335  0.9444444444444445
336  0.6087301587301587
338  0.3333333333333333
339  0
340  0
347  0.3666666666666667
348  0.45
349  0
352  0.14285714285714285
353  0.20833333333333331
355  0.5666666666666667
356  1.0
360  0.20833333333333331
365  0.5

Average Precision @ 20
1  0.5944444444444444
2  0.8666666666666667
4  0.6952380952380952
8  0.6428571428571428
9  0.18333333333333335
10  0.5
12  0.41666666666666663
13  0.3125
15  0.0625
18  0.7666666666666666
22  0.25757575757575757
23  1.0
26  0
27  0.25
29  0.8333333333333333
31  0.5
32  1.0
33  0.25
34  0
35  0.5663690476190476
39  0.34090909090909094
40  0
41  0.3214285714285714
49  0.7
50  0.8523809523809524
51  0.3833333333333333
52  0.2
53  0
54  0.740909090909091
55  0
56  0
57  0
58  0.5
59  0.18012820512820515
61  0.06666666666666667
62  0.5
66  0.2794871794871795
67  0.23809523809523808
68  0.625
69  0.09401709401709402
71  0.7555555555555555
72  0.2034252297410192
74  0.6845238095238095
79  0
80  0.4754901960784314
81  0.31916666666666665
82  0.42711640211640206
83  0.5833333333333333
84  1.0
85  1.0
86  0.6456871345029239
87  0.6833333333333333
93  0.4954887218045113
94  0.22549019607843135
95  0.6805555555555555
97  0.15773809523809523
98  0.09821428571428571
99  0.25496031746031744
100  0.47883597883597884
101  0.7222222222222222
102  0.3666666666666667
103  0
104  0
105  0.13333333333333333
106  0.8617424242424242
107  0.41666666666666663
108  0.9571428571428572
109  0.17142857142857143
110  0.058823529411764705
111  0
112  0
113  0.46309523809523806
114  0.8766666666666666
116  0.1
118  0.1111111111111111
119  0.42063492063492064
120  0.3117997198879552
121  0.40277777777777773
122  0.22549019607843135
123  0
126  0.8333333333333333
128  0.7575757575757575
130  1.0
131  0.3923992673992674
132  0.3333333333333333
133  0.5833333333333333
135  0
136  0.7342592592592592
137  0.17167919799498746
138  0.4988095238095238
139  0.3133333333333333
140  0.8138888888888888
141  0.5
142  0.5895002658160553
143  0.25757575757575757
145  0.4621693121693122
146  0.30833333333333335
147  0
148  0.22692307692307692
149  0.4102564102564103
150  0.6952380952380953
152  0.5213675213675214
153  0
154  0.125
155  0.6254901960784314
156  0.30634920634920637
157  0.4386904761904762
158  0.7676870748299319
160  0
161  0.16666666666666666
163  0.3545454545454545
164  0.3333333333333333
165  0.5032679738562091
167  0.1111111111111111
168  0
169  0
170  0.14285714285714285
171  0.3277777777777778
173  0
175  0.6416666666666666
176  0.5704887218045113
177  0.4412698412698413
181  0
182  0
183  0.4959706959706959
184  0.5833333333333333
187  0.14285714285714285
189  0
190  0.5902777777777777
196  0.4151785714285714
200  0.27702870959449905
201  0.6293646549528902
202  0.2018135081292976
203  0.09090909090909091
204  0.5623482420357421
205  0.425
206  0.2361111111111111
208  0.125
209  0
210  0.39285714285714285
211  0.6666666666666666
212  0.14285714285714285
213  0.15476190476190477
214  0.7218253968253969
215  0.4912698412698413
216  0.625
217  0.43804824561403505
218  0.7380952380952381
219  0.7424242424242425
223  0.5833333333333333
224  0
225  0
226  0.3088235294117647
227  0.6428571428571428
230  0.6464646464646464
231  0.8148026315789474
232  0.4514285714285714
233  0.5032679738562091
234  0.2159090909090909
241  0.2
245  0.8666666666666667
246  0.49930555555555556
247  0.41666666666666663
250  0.7784090909090909
251  0.5
252  0.07142857142857142
253  0.25
254  0.2
255  0.33535353535353535
257  0.6361111111111111
259  0.5833333333333333
261  0.8041666666666667
264  0.5833333333333333
265  0.25
266  0.09090909090909091
267  0.21929824561403508
268  0.6041666666666666
269  0.3416666666666666
272  0.34090909090909094
273  0.6666666666666666
274  1.0
275  0.5833333333333333
277  0.6200531494649142
283  0.45555555555555555
284  0.6509386446886447
285  0.5533333333333333
288  0.26587301587301587
291  0.6272347535505429
292  0.2
293  0.7116666666666667
294  0.6225932020049667
295  0.8055555555555555
296  0.8761904761904763
297  0.24358974358974358
298  0
299  0.43749999999999994
300  0.6666666666666666
301  0.3333333333333333
303  0.1800125313283208
304  0.24523809523809526
306  0.5246476581063046
314  0.29583333333333334
315  0.22692307692307692
316  0.2
317  0.05
321  0.30952380952380953
323  0
327  0.4773717948717948
331  0.2727564102564103
332  1.0
333  0.1165204678362573
335  0.8545454545454546
336  0.5981842231842232
338  0.3333333333333333
339  0
340  0
347  0.28020833333333334
348  0.45
349  0
352  0.14484126984126985
353  0.2279040404040404
355  0.5442424242424242
356  0.44027777777777777
360  0.2390151515151515
365  0.29365079365079366

NDCG @ 10
1  0.5778074216538331
2  0.3521333689016098
4  0.7125197419099831
8  0.6781035935540111
9  0.06736911550018253
10  0.3574496995942261
12  0.33540514778139574
13  0.09730121888392966
15  0.0
18  0.4954751152522013
22  0.17771564445326898
23  0.24620800817965655
26  0.0
27  0.1
29  0.9077324383928644
31  0.43523744692131766
32  0.4
33  0.19004688335796713
34  0.0
35  0.5260351201020665
39  0.17355508213282722
40  0.0
41  0.15405891495126106
49  0.48556854649845554
50  0.7792219794114055
51  0.25437015395521206
52  0.12496437705648279
53  0.0
54  0.5918078458951744
55  0.0
56  0.0
57  0.0
58  0.6452582482812901
59  0.13123211304328902
61  0.0
62  0.6
66  0.23327435422005682
67  0.09979869830277042
68  0.39153071665902267
69  0.0
71  0.8254604649035662
72  0.1821292073202551
74  0.44511333064472985
79  0.0
80  0.18382508977521275
81  0.2550929883896993
82  0.396262363729791
83  0.30131259437362523
84  0.42857142857142855
85  0.16958010263680806
86  0.7208792138044969
87  0.9960244669818937
93  0.39041104843274194
94  0.08596989605193878
95  0.48829301765515104
97  0.08194770753376802
98  0.0
99  0.1768614610416442
100  0.47021252503381444
101  0.6644388561102768
102  0.28017008875952587
103  0.0
104  0.0
105  0.1289509357448472
106  0.6925868421751354
107  0.2604383032148914
108  0.9304357271778586
109  0.08893848423327358
110  0.0
111  0.0
112  0.0
113  0.30222625347780796
114  0.6077220836011444
116  0.053933980308580494
118  0.09771939328090098
119  0.44368037895107865
120  0.289205159256975
121  0.7003297077256058
122  0.15455851177820684
123  0.0
126  0.9261859507142916
128  0.5757172414830177
130  0.31939394323979897
131  0.42940483860225886
132  0.2960819109658653
133  0.8154648767857288
135  0.0
136  0.9405586513519152
137  0.06931040756149913
138  0.5822696811569679
139  0.3193263530889877
140  0.8605271849042223
141  1.0
142  0.5025004449751758
143  0.504743802857166
145  0.5128034680259047
146  0.2243287959139385
147  0.0
148  0.25177954497338423
149  0.25266867373771945
150  0.785035430119962
152  0.5474859990247221
153  0.0
154  0.09359072962204813
155  0.5470476080669864
156  0.33816398348352267
157  0.5531795655159049
158  0.8033225811018602
160  0.0
161  0.06564850533746122
163  0.26858318883110804
164  0.3605312877551186
165  0.44295238679582505
167  0.04934698516097755
168  0.0
169  0.0
170  0.14248287484320887
171  0.4585311261026516
173  0.0
175  0.5334137296159179
176  0.634356968396496
177  0.47909706862236456
181  0.0
182  0.0
183  0.4541367294264169
184  0.2737837672811221
187  0.11113536084553637
189  0.0
190  0.5772767551440668
196  0.5334809769163311
200  0.24696582914118023
201  0.5707259570834293
202  0.060336757768903855
203  0.0
204  0.6001372298843571
205  0.13291299131469791
206  0.2914876752367014
208  0.16666666666666666
209  0.0
210  0.2273525770732104
211  0.4308305659266945
212  0.3562071871080222
213  0.19342640361727081
214  0.7513407603582674
215  0.4961403189021839
216  0.8333333333333334
217  0.36862359931906485
218  0.43410090027195275
219  0.5467948635608292
223  0.8154648767857288
224  0.0
225  0.0
226  0.3044882634584907
227  0.7424828748432089
230  0.5983082003199053
231  0.9357426915389523
232  0.42671737550428
233  0.1390661873936446
234  0.13472844207532064
241  0.11123328100793707
245  0.5366928907401254
246  0.5346708118450062
247  0.4298593499260986
250  0.5097757405873355
251  0.75
252  0.0
253  0.252371901428583
254  0.21533827903669653
255  0.3390706260445078
257  0.5508127551998039
259  0.7789429456511299
261  0.8687190818047956
264  0.8154648767857288
265  0.08783431396336717
266  0.0
267  0.08028571594194772
268  0.8292973139177713
269  0.382932600891256
272  0.31939394323979897
273  0.6512753129506459
274  0.6208180777518181
275  0.7231973151785931
277  0.8905787088991038
283  0.22364695407741525
284  0.7104032028993426
285  0.45194216409369725
288  0.21551049796570437
291  0.44094428798136787
292  0.10265878363440621
293  0.9727352489609352
294  0.6982463825657209
295  0.680606056760201
296  0.877303617876591
297  0.2044430529588988
298  0.0
299  0.4056284457647217
300  0.7556090779076445
301  0.40113438786339395
303  0.10633668103022985
304  0.3254390148371428
306  0.3063103760449405
314  0.37611455255237725
315  0.1382512976944605
316  0.05421731590623012
317  0.0
321  0.3350321543858539
323  0.0
327  0.48409461765128897
331  0.1942916831869719
332  0.44341753221635727
333  0.0
335  0.8085526097602449
336  0.5091424076644903
338  0.20151514190050243
339  0.0
340  0.0
347  0.22481619783384746
348  0.3752455809809033
349  0.0
352  0.0720101366871418
353  0.1528240054986275
355  0.47387163800568444
356  0.31939394323979897
360  0.14989306118312587
365  0.28293427099855795

NDCG @ 20
1  0.4324326872462123
2  0.2286914985695605
4  0.8292926015059019
8  0.6781035935540111
9  0.19827110566837974
10  0.3574496995942261
12  0.33540514778139574
13  0.11829919778765427
15  0.09502344167898356
18  0.4954751152522013
22  0.23878188234313913
23  0.24620800817965655
26  0.0
27  0.1
29  0.9077324383928644
31  0.43523744692131766
32  0.4
33  0.19004688335796713
34  0.0
35  0.6340203431155118
39  0.27389242147945214
40  0.0
41  0.15994494983765467
49  0.48556854649845554
50  0.7792219794114055
51  0.3328444362263185
52  0.12496437705648279
53  0.0
54  0.6810621931233057
55  0.0
56  0.0
57  0.0
58  0.6452582482812901
59  0.35715402765288207
61  0.06575183182735256
62  0.6
66  0.43624634856434924
67  0.18288903144417964
68  0.3214921076872348
69  0.12553607252175497
71  0.8254604649035662
72  0.25194553422070937
74  0.44511333064472985
79  0.0
80  0.20977787670346337
81  0.2776197744519689
82  0.3695145368212999
83  0.2812835447893301
84  0.42857142857142855
85  0.16958010263680806
86  0.7600232005077626
87  0.9960244669818937
93  0.48278810743971984
94  0.13597367592417522
95  0.48829301765515104
97  0.18477991774732813
98  0.09631458189529847
99  0.28826912909652125
100  0.5328018566322198
101  0.6644388561102768
102  0.28017008875952587
103  0.0
104  0.0
105  0.2832030778513533
106  0.5600606670509223
107  0.2604383032148914
108  0.6872782629046774
109  0.1702976309974258
110  0.05367794703115933
111  0.0
112  0.0
113  0.2491976303885332
114  0.3826969538721418
116  0.053933980308580494
118  0.09771939328090098
119  0.44368037895107865
120  0.3731123868292805
121  0.7003297077256058
122  0.23446772191658918
123  0.0
126  0.9261859507142916
128  0.6422850832500185
130  0.31939394323979897
131  0.4494658153144747
132  0.2960819109658653
133  0.8154648767857288
135  0.0
136  0.9405586513519152
137  0.31262290798591386
138  0.4827333240477772
139  0.3691962221809296
140  0.7479278064545023
141  1.0
142  0.5561418647230678
143  0.5625567681207435
145  0.46760036200845345
146  0.3176188502059165
147  0.0
148  0.3248881227772661
149  0.3209493898101993
150  0.8416760000106494
152  0.5866919204892805
153  0.0
154  0.09359072962204813
155  0.620924306893759
156  0.33816398348352267
157  0.680411718211538
158  0.8961776605681048
160  0.0
161  0.06564850533746122
163  0.4569507266653545
164  0.3605312877551186
165  0.5210922881587198
167  0.04934698516097755
168  0.0
169  0.0
170  0.14248287484320887
171  0.5592355888715217
173  0.0
175  0.5334137296159179
176  0.7917850449000678
177  0.47909706862236445
181  0.0
182  0.0
183  0.3539390135405351
184  0.2737837672811221
187  0.11113536084553637
189  0.0
190  0.5772767551440668
196  0.6148401236804834
200  0.4121196197404029
201  0.6287602677606622
202  0.40711576294850343
203  0.1734388957907327
204  0.8879076227647407
205  0.38883866437384934
206  0.2914876752367014
208  0.16666666666666666
209  0.0
210  0.2273525770732104
211  0.4308305659266945
212  0.3562071871080222
213  0.3247511711358676
214  0.8293341217718563
215  0.5634424165441795
216  0.8333333333333334
217  0.4085290339800179
218  0.5196131999836944
219  0.6185868748333989
223  0.8154648767857288
224  0.0
225  0.0
226  0.4344618946906075
227  0.7424828748432089
230  0.6609290018352418
231  0.8510386839834008
232  0.3062974100711938
233  0.2126629338371541
234  0.1931463226381939
241  0.11123328100793707
245  0.5366928907401254
246  0.5670604459945686
247  0.4298593499260986
250  0.572929270264743
251  0.75
252  0.05662991708978648
253  0.4197376688192609
254  0.21533827903669653
255  0.43139618077410563
257  0.5508127551998039
259  0.7789429456511299
261  0.8687190818047956
264  0.8154648767857288
265  0.08783431396336717
266  0.07178266792813372
267  0.20010871076361092
268  0.8292973139177713
269  0.382932600891256
272  0.4117194979693968
273  0.7365285475633008
274  0.6208180777518181
275  0.7231973151785931
277  0.949566745991295
283  0.3432759268540591
284  0.8328840655952059
285  0.34927058409283335
288  0.300611026673631
291  0.4569318630754562
292  0.10265878363440621
293  0.9727352489609352
294  0.8027524143036224
295  0.680606056760201
296  0.9229378248490829
297  0.32119839273982703
298  0.0
299  0.4268605666727791
300  0.7556090779076444
301  0.5176627783570487
303  0.24606539310353048
304  0.42272706460827614
306  0.37649111237987554
314  0.32643002957478323
315  0.14937237763264735
316  0.04245078197353893
317  0.11568910657987957
321  0.3350321543858539
323  0.0
327  0.6258218266447426
331  0.2805675511138803
332  0.44341753221635727
333  0.1630993742807183
335  0.7491883572268199
336  0.542312070843751
338  0.20151514190050243
339  0.0
340  0.0
347  0.24418424260506263
348  0.2767536858881337
349  0.0
352  0.12319164392825359
353  0.1951602619528679
355  0.543976053178875
356  0.480993871897626
360  0.2833836622753188
365  0.2547210344089736

Mean Average Precision @ 10
0.4321748383303936

Mean Average Precision @ 20
0.3955611461367082

Mean NDCG @ 10
0.34492256327874254

Mean NDCG @ 20
0.37787975030561444
